[Beta Coefficients]
beta_zero = 8.940387934515083
beta_one = 0.1515673817044721
beta_two = 2.117516651112612e-06
beta_three = 0.0
beta_four = 0.004027510885932965
beta_five = 0.0
beta_six = 0.02139544627178447
beta_seven = 0.0

[Input Parameters]
M = 162560
R = 8128
gamma = 2
upsilon = 0.0374
phi = 4
tau = 0.5

[Decision Variables Bounds]
Tc = 2...10

[General Settings]
monetary_unit = USD
time_unit = second
optimization_problem = 1
optimization_modes = brute_force, gurobi

